Date,Open,High,Low,Close,Adj Close,Volume
2021-06-18,18.0,18.0,14.9399995803833,17.049999237060547,17.049999237060547,1499445
2021-06-21,17.5,17.690000534057617,16.190000534057617,16.229999542236328,16.229999542236328,71999
2021-06-22,16.200000762939453,16.325000762939453,15.5600004196167,15.949999809265137,15.949999809265137,69660
2021-06-23,15.649999618530273,16.100000381469727,15.5,15.979999542236328,15.979999542236328,57718
2021-06-24,16.0,17.019899368286133,15.763099670410156,16.399999618530273,16.399999618530273,10910
2021-06-25,17.350000381469727,17.5,17.040000915527344,17.200000762939453,17.200000762939453,62326
2021-06-28,17.0,17.469999313354492,16.030000686645508,16.809999465942383,16.809999465942383,114968
2021-06-29,16.520000457763672,18.249900817871094,16.520000457763672,18.15999984741211,18.15999984741211,120824
2021-06-30,18.209999084472656,19.8799991607666,18.0,19.600000381469727,19.600000381469727,141792
2021-07-01,19.31999969482422,19.450000762939453,18.799999237060547,18.799999237060547,18.799999237060547,35415
2021-07-02,18.729999542236328,19.75029945373535,18.020000457763672,19.110000610351562,19.110000610351562,14037
2021-07-06,19.8700008392334,19.925199508666992,18.68000030517578,19.790000915527344,19.790000915527344,3863
2021-07-07,20.0,20.450000762939453,19.760000228881836,19.760000228881836,19.760000228881836,23404
2021-07-08,19.719999313354492,22.609699249267578,19.430099487304688,21.841100692749023,21.841100692749023,56113
2021-07-09,21.889999389648438,22.87019920349121,21.299999237060547,21.31999969482422,21.31999969482422,37970
2021-07-12,21.09000015258789,21.520000457763672,21.000099182128906,21.30270004272461,21.30270004272461,9056
2021-07-13,22.299999237060547,22.85650062561035,22.120100021362305,22.530000686645508,22.530000686645508,70247
2021-07-14,22.299999237060547,22.783700942993164,21.40999984741211,22.0,22.0,44486
2021-07-15,21.950000762939453,22.0,18.5,18.540000915527344,18.540000915527344,66319
2021-07-16,18.149999618530273,20.100000381469727,18.149999618530273,19.559999465942383,19.559999465942383,22700
2021-07-19,21.75,21.950000762939453,20.559999465942383,20.969999313354492,20.969999313354492,62581
2021-07-20,21.950000762939453,22.5,21.170000076293945,21.579999923706055,21.579999923706055,50216
2021-07-21,22.399999618530273,22.399999618530273,21.274999618530273,21.600000381469727,21.600000381469727,114036
2021-07-22,21.600000381469727,22.069900512695312,21.600000381469727,21.600000381469727,21.600000381469727,63697
2021-07-23,21.360000610351562,21.850000381469727,21.18000030517578,21.719999313354492,21.719999313354492,52779
2021-07-26,21.3700008392334,21.5,20.59000015258789,20.90999984741211,20.90999984741211,26518
2021-07-27,20.899999618530273,21.456300735473633,20.1299991607666,20.25,20.25,14997
2021-07-28,19.845500946044922,21.989999771118164,19.840099334716797,21.989999771118164,21.989999771118164,7356
2021-07-29,22.75,22.75,20.010000228881836,20.100000381469727,20.100000381469727,37447
2021-07-30,20.010000228881836,20.74209976196289,19.200000762939453,19.549999237060547,19.549999237060547,14608
2021-08-02,21.049999237060547,21.999900817871094,19.860000610351562,19.899999618530273,19.899999618530273,55817
2021-08-03,21.360000610351562,22.0,19.68000030517578,20.010000228881836,20.010000228881836,33922
2021-08-04,19.719999313354492,19.75,18.049999237060547,18.350000381469727,18.350000381469727,106194
2021-08-05,18.850000381469727,19.539899826049805,18.5,19.100000381469727,19.100000381469727,22649
2021-08-06,19.479999542236328,19.479999542236328,18.40999984741211,18.75,18.75,11399
2021-08-09,19.5,19.5,18.549999237060547,18.700000762939453,18.700000762939453,14912
2021-08-10,18.66010093688965,18.66010093688965,17.200000762939453,17.600000381469727,17.600000381469727,65820
2021-08-11,17.239999771118164,18.100000381469727,17.0,17.489999771118164,17.489999771118164,24601
2021-08-12,17.0,17.43939971923828,17.0,17.0,17.0,4439
2021-08-13,17.0,17.469999313354492,16.61840057373047,16.799999237060547,16.799999237060547,5623
2021-08-16,17.170000076293945,17.219999313354492,16.797000885009766,16.799999237060547,16.799999237060547,7745
2021-08-17,16.670000076293945,16.795000076293945,16.549999237060547,16.6299991607666,16.6299991607666,4281
2021-08-18,16.3700008392334,16.8700008392334,16.3700008392334,16.75,16.75,7869
2021-08-19,17.059999465942383,17.260000228881836,16.290000915527344,16.290000915527344,16.290000915527344,9373
2021-08-20,16.549999237060547,16.989999771118164,16.25,16.459999084472656,16.459999084472656,7724
2021-08-23,16.6299991607666,16.965599060058594,16.150100708007812,16.299999237060547,16.299999237060547,6987
2021-08-24,16.42259979248047,17.1112003326416,16.100000381469727,16.42009925842285,16.42009925842285,8026
2021-08-25,17.260000228881836,17.829999923706055,17.200000762939453,17.829999923706055,17.829999923706055,6277
2021-08-26,18.059999465942383,18.499900817871094,17.899999618530273,18.144800186157227,18.144800186157227,28315
2021-08-27,18.25,18.25,17.641199111938477,18.06999969482422,18.06999969482422,3074
2021-08-30,18.219999313354492,18.219999313354492,17.95800018310547,18.110000610351562,18.110000610351562,3440
2021-08-31,17.790000915527344,18.200000762939453,17.500099182128906,17.809999465942383,17.809999465942383,11781
2021-09-01,17.899999618530273,18.0,17.51099967956543,17.700000762939453,17.700000762939453,13638
2021-09-02,18.0,18.0,17.5,17.90999984741211,17.90999984741211,4427
2021-09-03,18.0,18.860000610351562,18.0,18.100000381469727,18.100000381469727,24531
2021-09-07,18.15999984741211,18.683500289916992,17.549999237060547,17.729999542236328,17.729999542236328,11554
2021-09-08,17.56999969482422,18.040000915527344,16.280099868774414,16.90999984741211,16.90999984741211,16614
2021-09-09,17.010000228881836,17.010000228881836,16.329999923706055,16.850000381469727,16.850000381469727,19918
2021-09-10,16.989999771118164,17.350000381469727,16.280000686645508,17.209999084472656,17.209999084472656,10284
2021-09-13,17.200000762939453,17.200000762939453,16.649999618530273,17.0,17.0,8886
2021-09-14,17.040000915527344,17.329999923706055,16.239999771118164,16.239999771118164,16.239999771118164,14632
2021-09-15,16.0,16.850000381469727,15.079999923706055,16.709999084472656,16.709999084472656,56814
2021-09-16,16.860000610351562,16.860000610351562,15.100000381469727,15.600000381469727,15.600000381469727,27387
2021-09-17,15.789999961853027,16.270000457763672,15.399999618530273,15.399999618530273,15.399999618530273,10139
2021-09-20,15.380000114440918,15.960000038146973,13.90999984741211,14.0,14.0,16736
2021-09-21,13.779999732971191,15.239999771118164,13.760100364685059,14.90999984741211,14.90999984741211,29307
2021-09-22,14.899999618530273,15.454999923706055,13.67609977722168,14.0,14.0,24585
2021-09-23,13.850000381469727,14.0600004196167,13.600000381469727,13.819999694824219,13.819999694824219,57112
2021-09-24,14.220000267028809,14.220000267028809,13.210000038146973,13.520000457763672,13.520000457763672,12836
2021-09-27,13.300000190734863,13.8100004196167,13.010000228881836,13.3100004196167,13.3100004196167,22272
2021-09-28,13.449999809265137,14.174200057983398,13.449999809265137,13.770000457763672,13.770000457763672,21705
2021-09-29,13.600000381469727,14.130000114440918,13.194999694824219,13.40999984741211,13.40999984741211,16279
2021-09-30,13.59000015258789,13.755000114440918,13.008000373840332,13.5,13.5,8384
2021-10-01,13.286800384521484,13.899999618530273,13.0,13.619999885559082,13.619999885559082,15138
2021-10-04,13.5600004196167,13.75,13.270000457763672,13.270000457763672,13.270000457763672,4161
2021-10-05,13.149999618530273,13.579999923706055,13.0,13.010000228881836,13.010000228881836,4340
2021-10-06,13.105899810791016,13.699999809265137,13.079999923706055,13.369999885559082,13.369999885559082,1486
2021-10-07,13.460000038146973,13.460000038146973,13.0,13.0,13.0,7168
2021-10-08,12.720000267028809,13.020000457763672,12.630000114440918,12.829999923706055,12.829999923706055,1841
2021-10-11,12.719300270080566,12.719300270080566,11.653499603271484,12.015000343322754,12.015000343322754,121601
2021-10-12,11.920000076293945,11.930000305175781,11.03499984741211,11.5,11.5,4995
2021-10-13,11.670000076293945,11.670000076293945,11.100000381469727,11.100000381469727,11.100000381469727,2767
2021-10-14,11.300000190734863,11.600000381469727,11.130000114440918,11.4399995803833,11.4399995803833,6591
2021-10-15,11.359999656677246,12.591099739074707,11.359999656677246,12.470000267028809,12.470000267028809,16546
2021-10-18,12.493200302124023,13.640000343322754,12.493200302124023,12.819999694824219,12.819999694824219,18438
2021-10-19,12.520000457763672,13.729999542236328,12.069999694824219,13.300000190734863,13.300000190734863,14973
2021-10-20,13.569999694824219,14.449999809265137,13.569999694824219,13.90999984741211,13.90999984741211,13727
2021-10-21,13.890000343322754,14.819999694824219,13.5,13.609999656677246,13.609999656677246,11049
2021-10-22,13.510000228881836,13.779999732971191,11.819999694824219,12.579999923706055,12.579999923706055,21381
2021-10-25,12.522700309753418,13.039999961853027,12.359999656677246,12.75,12.75,8934
2021-10-26,13.100000381469727,13.84000015258789,12.3100004196167,12.3100004196167,12.3100004196167,12067
2021-10-27,12.743300437927246,13.204999923706055,12.0,12.279999732971191,12.279999732971191,11714
2021-10-28,12.050000190734863,13.800000190734863,11.989999771118164,12.279999732971191,12.279999732971191,15216
2021-10-29,12.920000076293945,13.399999618530273,12.369999885559082,12.600000381469727,12.600000381469727,15901
2021-11-01,12.510000228881836,12.899999618530273,12.229999542236328,12.3100004196167,12.3100004196167,6225
2021-11-02,12.890000343322754,12.890000343322754,12.5,12.5600004196167,12.5600004196167,2759
2021-11-03,12.869999885559082,13.447500228881836,12.600000381469727,13.319999694824219,13.319999694824219,9238
2021-11-04,13.3100004196167,13.880000114440918,12.65999984741211,13.039999961853027,13.039999961853027,12458
2021-11-05,12.8100004196167,13.009499549865723,12.569999694824219,12.600000381469727,12.600000381469727,3765
2021-11-08,12.520000457763672,13.4399995803833,12.520000457763672,13.210000038146973,13.210000038146973,1766
2021-11-09,12.520000457763672,13.0,12.520000457763672,12.979999542236328,12.979999542236328,4555
2021-11-10,12.770000457763672,13.0,12.199999809265137,12.359999656677246,12.359999656677246,7923
2021-11-11,12.119999885559082,12.460000038146973,11.800000190734863,12.460000038146973,12.460000038146973,10684
2021-11-12,12.1899995803833,12.592000007629395,11.771300315856934,11.979999542236328,11.979999542236328,8192
2021-11-15,11.640000343322754,12.529999732971191,11.14009952545166,11.329999923706055,11.329999923706055,9220
2021-11-16,11.850000381469727,12.65999984741211,11.699999809265137,12.010000228881836,12.010000228881836,4221
2021-11-17,11.760000228881836,12.268799781799316,11.699999809265137,11.789999961853027,11.789999961853027,4088
2021-11-18,12.180000305175781,12.192299842834473,11.710599899291992,12.192299842834473,12.192299842834473,2737
2021-11-19,11.720000267028809,12.17300033569336,11.251299858093262,11.40999984741211,11.40999984741211,6565
2021-11-22,11.5,12.069999694824219,11.09000015258789,11.09000015258789,11.09000015258789,8741
2021-11-23,11.600000381469727,11.600000381469727,10.0,10.579999923706055,10.579999923706055,7479
2021-11-24,10.239999771118164,10.710000038146973,10.220000267028809,10.359999656677246,10.359999656677246,4227
2021-11-26,10.720000267028809,10.795999526977539,10.720000267028809,10.795999526977539,10.795999526977539,445
2021-11-29,11.75,12.279999732971191,10.38010025024414,10.38010025024414,10.38010025024414,8780
2021-11-30,10.039999961853027,10.449999809265137,9.3100004196167,9.350000381469727,9.350000381469727,11054
2021-12-01,9.850000381469727,10.380000114440918,9.579999923706055,9.723999977111816,9.723999977111816,5045
2021-12-02,9.470000267028809,9.989800453186035,9.25,9.25,9.25,5322
2021-12-03,9.069999694824219,9.587300300598145,8.399999618530273,8.949999809265137,8.949999809265137,8475
2021-12-06,9.199999809265137,9.199999809265137,7.820000171661377,8.109999656677246,8.109999656677246,14938
2021-12-07,8.0,8.699999809265137,8.0,8.539999961853027,8.539999961853027,7627
2021-12-08,8.5,9.0,7.800000190734863,8.229999542236328,8.229999542236328,15158
2021-12-09,9.550000190734863,10.499899864196777,8.390000343322754,9.180000305175781,9.180000305175781,81489
2021-12-10,9.5,10.180000305175781,9.029999732971191,9.170000076293945,9.170000076293945,25129
2021-12-13,9.15999984741211,10.279999732971191,9.15999984741211,9.710000038146973,9.710000038146973,28155
2021-12-14,9.529999732971191,9.939000129699707,9.295000076293945,9.8100004196167,9.8100004196167,21480
2021-12-15,9.90999984741211,9.90999984741211,8.550000190734863,9.319999694824219,9.319999694824219,25542
2021-12-16,9.050000190734863,10.109999656677246,9.0,9.329999923706055,9.329999923706055,43989
2021-12-17,9.180000305175781,9.470000267028809,8.800000190734863,8.949999809265137,8.949999809265137,20937
2021-12-20,8.890000343322754,8.949999809265137,8.149999618530273,8.425000190734863,8.425000190734863,19372
2021-12-21,8.670000076293945,10.420000076293945,8.4399995803833,10.0,10.0,75125
2021-12-22,9.630000114440918,10.34000015258789,8.699999809265137,9.210000038146973,9.210000038146973,42953
2021-12-23,9.6899995803833,9.6899995803833,8.710000038146973,9.0600004196167,9.0600004196167,18479
2021-12-27,8.739999771118164,9.32759952545166,8.725000381469727,9.119999885559082,9.119999885559082,17827
2021-12-28,9.119999885559082,9.119999885559082,8.489999771118164,9.0,9.0,24954
2021-12-29,9.100000381469727,9.312299728393555,8.90999984741211,9.100000381469727,9.100000381469727,24652
2021-12-30,8.989999771118164,9.239999771118164,8.610099792480469,9.0,9.0,26213
2021-12-31,9.0,9.21500015258789,9.0,9.029999732971191,9.029999732971191,3078
2022-01-03,9.0,9.460000038146973,8.819999694824219,9.0,9.0,29031
2022-01-04,9.0,9.170000076293945,8.619999885559082,8.850000381469727,8.850000381469727,35611
2022-01-05,9.520000457763672,9.520000457763672,8.529999732971191,8.770000457763672,8.770000457763672,77399
2022-01-06,8.510000228881836,9.029999732971191,8.100000381469727,8.460000038146973,8.460000038146973,13132
2022-01-07,8.630000114440918,8.630000114440918,7.550000190734863,7.690000057220459,7.690000057220459,21291
2022-01-10,7.699999809265137,7.884900093078613,7.050000190734863,7.439000129699707,7.439000129699707,14334
2022-01-11,7.449999809265137,7.5,6.53000020980835,6.900000095367432,6.900000095367432,26444
2022-01-12,6.730000019073486,7.0,6.050000190734863,6.75,6.75,30845
2022-01-13,7.269999980926514,7.269999980926514,6.03000020980835,6.03000020980835,6.03000020980835,14448
2022-01-14,5.739999771118164,6.357600212097168,5.179999828338623,6.099999904632568,6.099999904632568,27040
2022-01-18,5.900000095367432,6.980000019073486,5.46999979019165,6.130000114440918,6.130000114440918,26688
2022-01-19,6.320000171661377,6.320000171661377,5.5,5.5,5.5,20015
2022-01-20,5.519999980926514,5.948699951171875,5.019999980926514,5.340000152587891,5.340000152587891,26325
2022-01-21,5.300000190734863,5.679999828338623,4.880000114440918,5.059999942779541,5.059999942779541,19613
2022-01-24,5.039999961853027,5.206600189208984,5.03000020980835,5.114999771118164,5.114999771118164,9997
2022-01-25,5.239999771118164,5.389999866485596,4.980000019073486,5.170000076293945,5.170000076293945,25904
2022-01-26,5.199999809265137,5.860000133514404,4.860099792480469,5.03000020980835,5.03000020980835,23605
2022-01-27,5.239999771118164,5.269999980926514,4.849999904632568,4.980000019073486,4.980000019073486,21116
2022-01-28,4.940000057220459,5.019999980926514,4.441100120544434,4.659999847412109,4.659999847412109,26311
2022-01-31,5.039999961853027,5.179999828338623,4.480000019073486,4.840000152587891,4.840000152587891,27669
2022-02-01,4.800000190734863,5.329999923706055,4.739999771118164,5.019999980926514,5.019999980926514,19748
2022-02-02,5.039999961853027,5.039999961853027,4.590000152587891,4.590000152587891,4.590000152587891,8495
2022-02-03,4.610000133514404,4.610000133514404,4.239999771118164,4.300000190734863,4.300000190734863,16035
2022-02-04,4.519999980926514,4.519999980926514,4.010000228881836,4.070000171661377,4.070000171661377,6237
2022-02-07,4.269999980926514,4.644999980926514,4.2210001945495605,4.320000171661377,4.320000171661377,9499
2022-02-08,4.420000076293945,4.510000228881836,4.199999809265137,4.309999942779541,4.309999942779541,11063
2022-02-09,4.460000038146973,4.534999847412109,4.210000038146973,4.28000020980835,4.28000020980835,13375
2022-02-10,4.269999980926514,4.670000076293945,4.269999980926514,4.349999904632568,4.349999904632568,30589
2022-02-11,4.565000057220459,4.659800052642822,4.400000095367432,4.400000095367432,4.400000095367432,5232
2022-02-14,4.400000095367432,4.400000095367432,4.039999961853027,4.070000171661377,4.070000171661377,11840
2022-02-15,4.03000020980835,4.269999980926514,4.03000020980835,4.130000114440918,4.130000114440918,22983
2022-02-16,4.070000171661377,4.409999847412109,4.070000171661377,4.25,4.25,6616
2022-02-17,4.139999866485596,4.46999979019165,4.139999866485596,4.300000190734863,4.300000190734863,3021
2022-02-18,4.389999866485596,4.389999866485596,4.099999904632568,4.25,4.25,34609
2022-02-22,4.289999961853027,4.539999961853027,4.21999979019165,4.420000076293945,4.420000076293945,2558
2022-02-23,4.53000020980835,4.53000020980835,4.400000095367432,4.440000057220459,4.440000057220459,2043
2022-02-24,4.442800045013428,4.449999809265137,4.059999942779541,4.260000228881836,4.260000228881836,3197
2022-02-25,4.25,4.449999809265137,4.25,4.400000095367432,4.400000095367432,2822
2022-02-28,4.510000228881836,4.699999809265137,4.349999904632568,4.489999771118164,4.489999771118164,5290
2022-03-01,4.429999828338623,5.119999885559082,4.429999828338623,5.119999885559082,5.119999885559082,9146
2022-03-02,5.119999885559082,5.119999885559082,4.551199913024902,4.730000019073486,4.730000019073486,7678
2022-03-03,4.619999885559082,4.75,4.619999885559082,4.650000095367432,4.650000095367432,2272
2022-03-04,4.789999961853027,4.849999904632568,4.510000228881836,4.510000228881836,4.510000228881836,13355
2022-03-07,4.550000190734863,4.837299823760986,4.427199840545654,4.579999923706055,4.579999923706055,6558
2022-03-08,4.59499979019165,4.840000152587891,4.480000019073486,4.690000057220459,4.690000057220459,10369
2022-03-09,4.75,5.110000133514404,4.75,5.0,5.0,21979
2022-03-10,5.0,5.03000020980835,4.760000228881836,5.03000020980835,5.03000020980835,1780
2022-03-11,4.889999866485596,5.1006999015808105,4.75,4.900000095367432,4.900000095367432,20870
2022-03-14,4.860000133514404,4.860000133514404,4.605000019073486,4.605000019073486,4.605000019073486,438
2022-03-15,4.616199970245361,4.616199970245361,4.5,4.53000020980835,4.53000020980835,1899
2022-03-16,4.53000020980835,4.9899001121521,4.5,4.579999923706055,4.579999923706055,4451
2022-03-17,4.5071001052856445,4.929999828338623,4.5071001052856445,4.647299766540527,4.647299766540527,5905
2022-03-18,4.954800128936768,4.954800128936768,4.619999885559082,4.619999885559082,4.619999885559082,4415
2022-03-21,4.489999771118164,4.789999961853027,4.489999771118164,4.639999866485596,4.639999866485596,2598
2022-03-22,4.639999866485596,4.769999980926514,4.539999961853027,4.650000095367432,4.650000095367432,5676
2022-03-23,4.699999809265137,4.989999771118164,4.610000133514404,4.619999885559082,4.619999885559082,3112
2022-03-24,4.920000076293945,4.96999979019165,4.619999885559082,4.619999885559082,4.619999885559082,1584
2022-03-25,4.733099937438965,4.733099937438965,4.610000133514404,4.639999866485596,4.639999866485596,3415
2022-03-28,4.5,4.659999847412109,4.300000190734863,4.550000190734863,4.550000190734863,2450
2022-03-29,4.449999809265137,4.449999809265137,4.260000228881836,4.429999828338623,4.429999828338623,6495
2022-03-30,4.309999942779541,4.309999942779541,4.199999809265137,4.21999979019165,4.21999979019165,4126
2022-03-31,4.150000095367432,4.340000152587891,4.119999885559082,4.119999885559082,4.119999885559082,3022
2022-04-01,4.110000133514404,4.119999885559082,4.03000020980835,4.079999923706055,4.079999923706055,14080
2022-04-04,4.495299816131592,4.495299816131592,4.050000190734863,4.199999809265137,4.199999809265137,1528
2022-04-05,4.150000095367432,4.389999866485596,4.050000190734863,4.070000171661377,4.070000171661377,2191
2022-04-06,4.03000020980835,4.099999904632568,3.950000047683716,4.090000152587891,4.090000152587891,8934
2022-04-07,4.400000095367432,4.534999847412109,4.210000038146973,4.349999904632568,4.349999904632568,31307
2022-04-08,4.170000076293945,4.639999866485596,4.159999847412109,4.170000076293945,4.170000076293945,29527
2022-04-11,4.1981000900268555,4.375,4.050000190734863,4.099999904632568,4.099999904632568,4016
2022-04-12,4.179999828338623,4.369999885559082,4.0,4.0,4.0,8689
2022-04-13,4.230000019073486,4.230000019073486,3.809999942779541,4.130000114440918,4.130000114440918,7457
2022-04-14,4.150000095367432,4.300000190734863,3.783799886703491,3.994999885559082,3.994999885559082,6626
2022-04-18,4.059999942779541,4.099999904632568,3.75,3.75,3.75,5590
2022-04-19,4.110000133514404,4.229899883270264,4.070000171661377,4.099999904632568,4.099999904632568,9424
2022-04-20,4.099999904632568,4.179999828338623,4.059999942779541,4.059999942779541,4.059999942779541,12571
2022-04-21,3.94320011138916,4.039999961853027,3.9200000762939453,4.039999961853027,4.039999961853027,1433
2022-04-22,4.039999961853027,4.099999904632568,3.809999942779541,3.809999942779541,3.809999942779541,2634
2022-04-25,3.809999942779541,3.9298999309539795,3.680000066757202,3.680000066757202,3.680000066757202,6067
2022-04-26,3.7300000190734863,4.348800182342529,3.5,3.5,3.5,32411
2022-04-27,3.5399999618530273,4.25,3.5399999618530273,3.6600000858306885,3.6600000858306885,10316
2022-04-28,3.6500000953674316,3.950000047683716,3.6322999000549316,3.6591999530792236,3.6591999530792236,1367
2022-04-29,3.880000114440918,3.880000114440918,3.809999942779541,3.809999942779541,3.809999942779541,4036
2022-05-02,3.7799999713897705,3.9600000381469727,3.650099992752075,3.9600000381469727,3.9600000381469727,3177
2022-05-03,4.139999866485596,4.139999866485596,3.880000114440918,4.0,4.0,9963
2022-05-04,4.0,4.070000171661377,4.0,4.070000171661377,4.070000171661377,1093
2022-05-05,4.063499927520752,4.15749979019165,3.809999942779541,3.950000047683716,3.950000047683716,2764
2022-05-06,3.9923999309539795,4.099999904632568,3.9200000762939453,4.010000228881836,4.010000228881836,2619
2022-05-09,3.990000009536743,3.990000009536743,3.9200000762939453,3.9800000190734863,3.9800000190734863,5922
2022-05-10,3.9121999740600586,4.179999828338623,3.9121999740600586,4.179999828338623,4.179999828338623,3388
2022-05-11,3.930000066757202,4.179999828338623,3.930000066757202,4.050000190734863,4.050000190734863,9739
2022-05-12,4.019999980926514,4.019999980926514,3.3299999237060547,4.0,4.0,13756
2022-05-13,4.119999885559082,4.25,4.039999961853027,4.110000133514404,4.110000133514404,4859
2022-05-16,3.9800000190734863,4.000199794769287,3.9800000190734863,4.000199794769287,4.000199794769287,1605
2022-05-17,4.0,4.0,4.0,4.0,4.0,380
2022-05-18,3.640000104904175,3.661600112915039,3.509999990463257,3.569999933242798,3.569999933242798,2870
2022-05-19,3.8956000804901123,4.050000190734863,3.8956000804901123,4.000100135803223,4.000100135803223,8385
2022-05-20,3.619999885559082,3.869999885559082,3.586699962615967,3.8499999046325684,3.8499999046325684,3467
2022-05-23,4.0,4.090000152587891,4.0,4.0782999992370605,4.0782999992370605,2205
2022-05-24,3.9600000381469727,4.0,3.808199882507324,4.0,4.0,10217
2022-05-25,4.039999961853027,4.199999809265137,4.039999961853027,4.199999809265137,4.199999809265137,9475
2022-05-26,4.050000190734863,4.150000095367432,3.819999933242798,4.0,4.0,8112
2022-05-27,4.129799842834473,4.349999904632568,4.0,4.059999942779541,4.059999942779541,7636
2022-05-31,4.0,4.099999904632568,3.8499999046325684,3.930000066757202,3.930000066757202,17533
2022-06-01,4.050000190734863,4.099999904632568,4.050000190734863,4.099999904632568,4.099999904632568,6286
2022-06-02,4.119999885559082,4.119999885559082,3.9549999237060547,4.0,4.0,4952
2022-06-03,3.950000047683716,4.0,3.7908999919891357,4.0,4.0,7373
2022-06-06,3.9200000762939453,3.9749999046325684,3.740000009536743,3.8949999809265137,3.8949999809265137,7848
2022-06-07,3.940000057220459,4.099999904632568,3.777600049972534,4.005000114440918,4.005000114440918,15171
2022-06-08,3.7699999809265137,4.170000076293945,3.7699999809265137,4.170000076293945,4.170000076293945,4983
2022-06-09,4.0,4.130000114440918,4.0,4.019999980926514,4.019999980926514,6979
2022-06-10,4.010000228881836,4.121600151062012,4.0,4.0,4.0,12324
2022-06-13,3.8499999046325684,4.539999961853027,3.8499999046325684,4.039999961853027,4.039999961853027,22878
2022-06-14,4.0,4.0,3.799999952316284,3.799999952316284,3.799999952316284,1424
2022-06-15,3.7200000286102295,3.799999952316284,3.7200000286102295,3.799999952316284,3.799999952316284,922
2022-06-16,3.7200000286102295,3.7200000286102295,3.619999885559082,3.6700000762939453,3.6700000762939453,2221
2022-06-17,3.619999885559082,3.950000047683716,3.4700000286102295,3.4700000286102295,3.4700000286102295,18083
2022-06-21,3.4800000190734863,3.6600000858306885,3.009999990463257,3.109999895095825,3.109999895095825,9819
2022-06-22,3.0999999046325684,3.1384999752044678,2.5199999809265137,2.890000104904175,2.890000104904175,10713
2022-06-23,2.800100088119507,3.165800094604492,2.75,2.8399999141693115,2.8399999141693115,7535
2022-06-24,2.940000057220459,2.940000057220459,2.799999952316284,2.869999885559082,2.869999885559082,3353
2022-06-27,2.9000000953674316,2.9200000762939453,2.5199999809265137,2.5299999713897705,2.5299999713897705,23196
2022-06-28,2.549999952316284,2.9700000286102295,2.5299999713897705,2.640000104904175,2.640000104904175,10113
2022-06-29,2.609999895095825,2.680000066757202,2.559999942779541,2.5999999046325684,2.5999999046325684,1824
2022-06-30,2.6500000953674316,2.7899999618530273,2.5199999809265137,2.6500000953674316,2.6500000953674316,10891
2022-07-01,2.690000057220459,2.8080999851226807,2.5199999809265137,2.6700000762939453,2.6700000762939453,7157
2022-07-05,2.690000057220459,2.799999952316284,2.680000066757202,2.7300000190734863,2.7300000190734863,31542
2022-07-06,2.7300000190734863,3.1050000190734863,2.7300000190734863,2.7699999809265137,2.7699999809265137,27819
2022-07-07,2.869999885559082,2.940000057220459,2.700000047683716,2.8499999046325684,2.8499999046325684,15763
2022-07-08,2.8499999046325684,2.9700000286102295,2.7799999713897705,2.9600000381469727,2.9600000381469727,20684
2022-07-11,3.0376999378204346,3.1600000858306885,2.75,2.8399999141693115,2.8399999141693115,17528
2022-07-12,2.9000000953674316,2.9000000953674316,2.809999942779541,2.8399999141693115,2.8399999141693115,3276
2022-07-13,2.799999952316284,2.9000000953674316,2.75,2.75,2.75,3797
2022-07-14,2.75,2.880000114440918,2.7300000190734863,2.740000009536743,2.740000009536743,10368
2022-07-15,2.8499999046325684,2.859999895095825,2.680000066757202,2.700000047683716,2.700000047683716,17086
2022-07-18,2.8299999237060547,2.9000000953674316,2.700000047683716,2.700000047683716,2.700000047683716,2926
2022-07-19,2.809999942779541,2.930000066757202,2.759999990463257,2.890000104904175,2.890000104904175,24737
2022-07-20,2.8499999046325684,2.865000009536743,2.7200000286102295,2.7300000190734863,2.7300000190734863,18717
2022-07-21,2.7850000858306885,2.819999933242798,2.75,2.809999942779541,2.809999942779541,1105
2022-07-22,2.9000000953674316,2.950000047683716,2.7899999618530273,2.799999952316284,2.799999952316284,9963
2022-07-25,2.799999952316284,2.8010001182556152,2.740000009536743,2.799999952316284,2.799999952316284,3747
2022-07-26,2.9100000858306885,2.9100000858306885,2.815000057220459,2.815000057220459,2.815000057220459,3123
2022-07-27,2.930000066757202,2.930000066757202,2.782099962234497,2.799999952316284,2.799999952316284,3696
2022-07-28,2.7100000381469727,2.7799999713897705,2.7100000381469727,2.75,2.75,3256
2022-07-29,2.7799999713897705,2.9100000858306885,2.7799999713897705,2.7799999713897705,2.7799999713897705,9961
2022-08-01,2.75,2.75,2.619999885559082,2.640000104904175,2.640000104904175,11465
2022-08-02,2.5999999046325684,2.619999885559082,2.3299999237060547,2.3299999237060547,2.3299999237060547,26653
2022-08-03,2.549999952316284,2.569999933242798,2.4200000762939453,2.4200000762939453,2.4200000762939453,13262
2022-08-04,2.4300999641418457,2.5471999645233154,2.3499999046325684,2.3499999046325684,2.3499999046325684,21590
2022-08-05,2.3499999046325684,2.469899892807007,2.3499999046325684,2.369999885559082,2.369999885559082,12057
2022-08-08,2.3499999046325684,2.4800000190734863,2.3499999046325684,2.380000114440918,2.380000114440918,13837
2022-08-09,2.4100000858306885,2.45989990234375,2.299999952316284,2.309999942779541,2.309999942779541,11246
2022-08-10,2.359999895095825,2.359999895095825,2.2499001026153564,2.25,2.25,22291
2022-08-11,2.25,2.359999895095825,2.25,2.3299999237060547,2.3299999237060547,11934
2022-08-12,2.299999952316284,2.490000009536743,2.299999952316284,2.4600000381469727,2.4600000381469727,17653
2022-08-15,2.359999895095825,2.5,2.3499999046325684,2.450000047683716,2.450000047683716,22335
2022-08-16,2.440000057220459,2.619999885559082,2.440000057220459,2.559999942779541,2.559999942779541,9783
2022-08-17,2.5199999809265137,2.5199999809265137,2.2699999809265137,2.299999952316284,2.299999952316284,40862
2022-08-18,2.2699999809265137,2.380000114440918,2.059999942779541,2.069999933242798,2.069999933242798,46447
2022-08-19,2.0899999141693115,2.240000009536743,1.9500000476837158,1.9500000476837158,1.9500000476837158,55011
2022-08-22,1.9500000476837158,2.319999933242798,1.7999999523162842,1.8700000047683716,1.8700000047683716,84675
2022-08-23,1.8799999952316284,2.079900026321411,1.8550000190734863,1.9199999570846558,1.9199999570846558,105279
2022-08-24,1.9299999475479126,2.059999942779541,1.8600000143051147,1.899999976158142,1.899999976158142,117041
2022-08-25,1.9199999570846558,2.0,1.850000023841858,1.909999966621399,1.909999966621399,111086
2022-08-26,1.909999966621399,1.934999942779541,1.8600000143051147,1.8899999856948853,1.8899999856948853,9566
2022-08-29,1.899999976158142,1.899999976158142,1.7599999904632568,1.8200000524520874,1.8200000524520874,34288
2022-08-30,1.8300000429153442,1.8949999809265137,1.7200000286102295,1.75,1.75,38351
2022-08-31,1.7799999713897705,1.7799999713897705,1.5800000429153442,1.649999976158142,1.649999976158142,112087
2022-09-01,1.5800000429153442,1.7798999547958374,1.4900000095367432,1.5700000524520874,1.5700000524520874,134552
2022-09-02,1.5399999618530273,1.7699999809265137,1.475000023841858,1.5499999523162842,1.5499999523162842,161583
2022-09-06,1.7699999809265137,1.7699999809265137,1.5499999523162842,1.5800000429153442,1.5800000429153442,27353
2022-09-07,1.600000023841858,1.7599999904632568,1.5099999904632568,1.5099999904632568,1.5099999904632568,11523
2022-09-08,1.5099999904632568,1.5199999809265137,1.3899999856948853,1.3899999856948853,1.3899999856948853,57549
2022-09-09,1.409999966621399,1.4749000072479248,1.3700000047683716,1.375,1.375,59336
2022-09-12,1.4199999570846558,1.4199999570846558,1.2100000381469727,1.2699999809265137,1.2699999809265137,80350
2022-09-13,1.2599999904632568,1.309999942779541,1.2200000286102295,1.2400000095367432,1.2400000095367432,37819
2022-09-14,1.2200000286102295,1.3300000429153442,1.1699999570846558,1.2599999904632568,1.2599999904632568,20435
2022-09-15,1.2699999809265137,1.3640999794006348,1.2699999809265137,1.2799999713897705,1.2799999713897705,7485
2022-09-16,1.25,1.2699999809265137,1.1699999570846558,1.2100000381469727,1.2100000381469727,13764
2022-09-19,1.2000000476837158,1.2000000476837158,1.1399999856948853,1.1699999570846558,1.1699999570846558,10804
2022-09-20,1.190000057220459,1.2000000476837158,1.1399999856948853,1.1399999856948853,1.1399999856948853,7577
2022-09-21,1.1699999570846558,1.1699999570846558,1.1100000143051147,1.1100000143051147,1.1100000143051147,17624
2022-09-22,1.1100000143051147,1.159999966621399,1.100000023841858,1.100000023841858,1.100000023841858,19222
2022-09-23,1.1200000047683716,1.1200000047683716,1.0145000219345093,1.05840003490448,1.05840003490448,14411
2022-09-26,1.059999942779541,1.0700000524520874,1.0199999809265137,1.0700000524520874,1.0700000524520874,6188
2022-09-27,1.100000023841858,1.100000023841858,1.0299999713897705,1.059999942779541,1.059999942779541,5517
2022-09-28,1.059999942779541,1.0700000524520874,1.0327999591827393,1.0700000524520874,1.0700000524520874,9314
2022-09-29,1.1200000047683716,1.1200000047683716,1.0781999826431274,1.100000023841858,1.100000023841858,2548
2022-09-30,1.100000023841858,1.100000023841858,1.0800000429153442,1.0800000429153442,1.0800000429153442,4875
2022-10-03,1.350000023841858,1.350000023841858,1.100000023841858,1.100000023841858,1.100000023841858,6673
2022-10-04,1.100000023841858,1.100000023841858,1.0950000286102295,1.100000023841858,1.100000023841858,4123
2022-10-05,1.1200000047683716,1.2300000190734863,1.1100000143051147,1.159999966621399,1.159999966621399,22238
2022-10-06,1.25,1.3099000453948975,1.1799999475479126,1.2100000381469727,1.2100000381469727,12269
2022-10-07,1.2000000476837158,1.2100000381469727,1.100000023841858,1.1200000047683716,1.1200000047683716,13360
2022-10-10,1.1200000047683716,1.1200000047683716,1.100000023841858,1.100000023841858,1.100000023841858,5253
2022-10-11,1.100000023841858,1.1059999465942383,1.100000023841858,1.100000023841858,1.100000023841858,7968
2022-10-12,1.190000057220459,1.190000057220459,1.0800000429153442,1.1200000047683716,1.1200000047683716,12018
2022-10-13,1.2100000381469727,1.2100000381469727,1.089900016784668,1.1299999952316284,1.1299999952316284,6455
2022-10-14,1.226199984550476,1.2300000190734863,1.1100000143051147,1.1699999570846558,1.1699999570846558,8155
2022-10-17,1.4900000095367432,1.4900000095367432,1.2474000453948975,1.309999942779541,1.309999942779541,56323
2022-10-18,1.3700000047683716,1.3899999856948853,1.309999942779541,1.3200000524520874,1.3200000524520874,19722
2022-10-19,1.2100000381469727,1.25,1.1299999952316284,1.1299999952316284,1.1299999952316284,30579
2022-10-20,1.1197999715805054,1.1198999881744385,1.0499999523162842,1.0499999523162842,1.0499999523162842,21093
2022-10-21,1.0499999523162842,1.100000023841858,1.0199999809265137,1.0300999879837036,1.0300999879837036,29043
2022-10-24,1.0299999713897705,1.0392999649047852,1.0299999713897705,1.0299999713897705,1.0299999713897705,1178
2022-10-25,1.0099999904632568,1.0399999618530273,1.0099999904632568,1.0299999713897705,1.0299999713897705,11175
2022-10-26,1.0299999713897705,1.100000023841858,1.024999976158142,1.0299999713897705,1.0299999713897705,4989
2022-10-27,1.0299999713897705,1.0398999452590942,0.9800000190734863,0.9800000190734863,0.9800000190734863,23753
2022-10-28,0.9800000190734863,0.9900000095367432,0.9800000190734863,0.9800000190734863,0.9800000190734863,2228
2022-10-31,0.9900000095367432,0.9900000095367432,0.9128000140190125,0.9769999980926514,0.9769999980926514,13512
2022-11-01,0.9623000025749207,0.9876000285148621,0.8999999761581421,0.9049999713897705,0.9049999713897705,22947
2022-11-02,0.9699000120162964,0.9699000120162964,0.800000011920929,0.800000011920929,0.800000011920929,20151
2022-11-03,0.8199999928474426,0.8199999928474426,0.699999988079071,0.7630000114440918,0.7630000114440918,14829
2022-11-04,0.7250000238418579,0.829200029373169,0.7250000238418579,0.75,0.75,15574
2022-11-07,0.75,0.789900004863739,0.7110000252723694,0.7279999852180481,0.7279999852180481,13967
2022-11-08,0.7998999953269958,0.8100000023841858,0.699999988079071,0.7049999833106995,0.7049999833106995,21487
2022-11-09,0.7300000190734863,0.7799000144004822,0.699999988079071,0.7021999955177307,0.7021999955177307,12727
2022-11-10,0.699999988079071,0.746399998664856,0.6614000201225281,0.699999988079071,0.699999988079071,10804
2022-11-11,0.7099999785423279,0.75,0.6614000201225281,0.7203999757766724,0.7203999757766724,21971
2022-11-14,0.800000011920929,0.800000011920929,0.6887999773025513,0.6904500126838684,0.6904500126838684,28390
2022-11-15,0.7999899983406067,0.7999899983406067,0.6399999856948853,0.6798999905586243,0.6798999905586243,24798
2022-11-16,0.5966100096702576,0.6399999856948853,0.5966100096702576,0.6212000250816345,0.6212000250816345,12411
2022-11-17,0.6100000143051147,0.6100000143051147,0.5422999858856201,0.5424000024795532,0.5424000024795532,47258
2022-11-18,0.550000011920929,0.550000011920929,0.49000000953674316,0.5159000158309937,0.5159000158309937,104499
2022-11-21,0.5009999871253967,0.5404999852180481,0.5001000165939331,0.5199999809265137,0.5199999809265137,38716
2022-11-22,0.5498999953269958,0.5498999953269958,0.4909999966621399,0.5,0.5,54816
2022-11-23,0.5498999953269958,0.5498999953269958,0.4912000000476837,0.4950000047683716,0.4950000047683716,79666
2022-11-25,0.5400000214576721,0.5400000214576721,0.4909999966621399,0.4909999966621399,0.4909999966621399,28668
2022-11-28,0.5299000144004822,0.5299000144004822,0.4699999988079071,0.47999998927116394,0.47999998927116394,75706
2022-11-29,0.4934999942779541,0.5,0.44999998807907104,0.44999998807907104,0.44999998807907104,85048
2022-11-30,0.44999998807907104,0.5,0.44999998807907104,0.4899500012397766,0.4899500012397766,45427
2022-12-01,0.5,0.5799999833106995,0.4699999988079071,0.47999998927116394,0.47999998927116394,133815
2022-12-02,0.5199000239372253,0.53329998254776,0.47999998927116394,0.5,0.5,134294
2022-12-05,0.5099999904632568,0.5600000023841858,0.48969998955726624,0.5198000073432922,0.5198000073432922,919926
2022-12-06,0.545199990272522,0.5699999928474426,0.490200012922287,0.5,0.5,1665168
2022-12-07,0.5407000184059143,0.5407000184059143,0.4620000123977661,0.4702000021934509,0.4702000021934509,1166321
2022-12-08,0.4999000132083893,0.5,0.3799999952316284,0.4099000096321106,0.4099000096321106,809095
2022-12-09,1.1699999570846558,4.539999961853027,1.1299999952316284,4.539999961853027,4.539999961853027,123794140
2022-12-12,3.134999990463257,3.45989990234375,2.5,2.859999895095825,2.859999895095825,28529913
2022-12-13,2.430000066757202,2.7200000286102295,1.850000023841858,2.0399999618530273,2.0399999618530273,10014479
2022-12-14,2.0399999618530273,2.450000047683716,1.899999976158142,2.140000104904175,2.140000104904175,10831803
2022-12-15,2.0799999237060547,2.440000057220459,1.9199999570846558,2.25,2.25,4174023
2022-12-16,2.069999933242798,3.0999999046325684,2.069999933242798,2.369999885559082,2.369999885559082,22453506
2022-12-19,2.2699999809265137,2.2899999618530273,1.9299999475479126,2.109999895095825,2.109999895095825,3254565
2022-12-20,1.9500000476837158,2.1098999977111816,1.850000023841858,2.009999990463257,2.009999990463257,1490453
2022-12-21,2.009999990463257,2.1184000968933105,1.850000023841858,1.9600000381469727,1.9600000381469727,962582
2022-12-22,1.8899999856948853,1.899999976158142,1.590000033378601,1.6399999856948853,1.6399999856948853,754923
2022-12-23,1.6399999856948853,1.7400000095367432,1.4500000476837158,1.6200000047683716,1.6200000047683716,781975
2022-12-27,1.690000057220459,1.8600000143051147,1.5199999809265137,1.690000057220459,1.690000057220459,869590
2022-12-28,1.690000057220459,1.7000000476837158,1.5,1.5499999523162842,1.5499999523162842,380015
2022-12-29,1.559999942779541,1.7300000190734863,1.5299999713897705,1.6299999952316284,1.6299999952316284,344657
2022-12-30,1.5800000429153442,2.3889999389648438,1.5700000524520874,2.2699999809265137,2.2699999809265137,2732181
2023-01-03,2.1500000953674316,2.25,1.8614000082015991,2.069999933242798,2.069999933242798,793005
2023-01-04,1.9900000095367432,2.1298999786376953,1.899999976158142,1.9700000286102295,1.9700000286102295,423714
2023-01-05,1.9700000286102295,2.450000047683716,1.8799999952316284,1.9800000190734863,1.9800000190734863,1623544
2023-01-06,2.0299999713897705,2.3299999237060547,1.9500000476837158,2.200000047683716,2.200000047683716,1157254
2023-01-09,2.0999999046325684,2.2002999782562256,1.9600000381469727,2.119999885559082,2.119999885559082,764614
2023-01-10,2.1600000858306885,2.8099000453948975,2.1500000953674316,2.4800000190734863,2.4800000190734863,3784070
2023-01-11,2.390000104904175,2.609999895095825,2.109999895095825,2.2200000286102295,2.2200000286102295,1132420
2023-01-12,2.2200000286102295,2.390000104904175,2.1600000858306885,2.2699999809265137,2.2699999809265137,690765
2023-01-13,2.309999942779541,2.5999999046325684,2.190000057220459,2.240000009536743,2.240000009536743,774887
2023-01-17,2.240000009536743,2.3099000453948975,2.049999952316284,2.180000066757202,2.180000066757202,510290
2023-01-18,2.180000066757202,2.180000066757202,1.9700000286102295,1.9700000286102295,1.9700000286102295,462663
2023-01-19,1.909999966621399,2.0192999839782715,1.909999966621399,1.9199999570846558,1.9199999570846558,257377
2023-01-20,2.009999990463257,2.0199999809265137,1.9079999923706055,1.9900000095367432,1.9900000095367432,164127
2023-01-23,1.9900000095367432,2.015000104904175,1.8600000143051147,1.909999966621399,1.909999966621399,280356
2023-01-24,1.9299999475479126,2.25,1.9299999475479126,2.1600000858306885,2.1600000858306885,722641
2023-01-25,2.1700000762939453,2.1700000762939453,2.009999990463257,2.009999990463257,2.009999990463257,338739
2023-01-26,2.0299999713897705,2.0299999713897705,1.8600000143051147,1.899999976158142,1.899999976158142,404807
2023-01-27,1.9299999475479126,2.0299999713897705,1.909999966621399,1.9500000476837158,1.9500000476837158,225843
2023-01-30,1.9700000286102295,2.1500000953674316,1.940000057220459,2.009999990463257,2.009999990463257,378274
2023-01-31,1.9700000286102295,2.0,1.850000023841858,1.8899999856948853,1.8899999856948853,358377
2023-02-01,1.840000033378601,1.9500000476837158,1.809999942779541,1.8799999952316284,1.8799999952316284,315371
2023-02-02,1.8799999952316284,1.9199999570846558,1.7706999778747559,1.850000023841858,1.850000023841858,278993
2023-02-03,1.850000023841858,1.9199999570846558,1.749400019645691,1.7999999523162842,1.7999999523162842,330995
2023-02-06,1.8200000524520874,1.8300000429153442,1.75,1.7899999618530273,1.7899999618530273,119128
2023-02-07,1.8300000429153442,1.8300000429153442,1.649999976158142,1.7000000476837158,1.7000000476837158,188462
2023-02-08,1.7000000476837158,1.7599999904632568,1.6399999856948853,1.659999966621399,1.659999966621399,931505
2023-02-09,1.690000057220459,1.690000057220459,1.600000023841858,1.600000023841858,1.600000023841858,104510
2023-02-10,1.559999942779541,1.559999942779541,1.409999966621399,1.4600000381469727,1.4600000381469727,314959
2023-02-13,1.4299999475479126,1.5199999809265137,1.2799999713897705,1.4800000190734863,1.4800000190734863,356807
2023-02-14,1.4500000476837158,1.659999966621399,1.4500000476837158,1.600000023841858,1.600000023841858,187179
2023-02-15,1.600000023841858,1.9199999570846558,1.600000023841858,1.809999942779541,1.809999942779541,368323
2023-02-16,2.119999885559082,3.7399001121520996,2.115000009536743,2.7799999713897705,2.7799999713897705,50757160
2023-02-17,2.380000114440918,3.2799999713897705,2.25,3.25,3.25,8109489
2023-02-21,3.309999942779541,5.449999809265137,3.309999942779541,4.550000190734863,4.550000190734863,53750716
2023-02-22,4.150000095367432,4.619999885559082,3.640000104904175,4.559999942779541,4.559999942779541,4825329
2023-02-23,4.559999942779541,7.389999866485596,4.450099945068359,6.53000020980835,6.53000020980835,36940976
2023-02-24,5.46999979019165,5.849999904632568,4.730000019073486,5.03000020980835,5.03000020980835,5746003
2023-02-27,4.820000171661377,5.679900169372559,4.690000057220459,5.590000152587891,5.590000152587891,3504271
2023-02-28,5.650000095367432,6.480000019073486,5.550000190734863,6.429999828338623,6.429999828338623,2721628
2023-03-01,6.369999885559082,6.889999866485596,5.730000019073486,5.889999866485596,5.889999866485596,3274005
2023-03-02,5.800000190734863,7.139999866485596,5.559999942779541,6.800000190734863,6.800000190734863,4511766
2023-03-03,6.739999771118164,7.449999809265137,6.309999942779541,6.429999828338623,6.429999828338623,6300836
2023-03-06,6.429999828338623,13.069999694824219,6.34499979019165,12.539999961853027,12.539999961853027,50270802
2023-03-07,11.130000114440918,11.300000190734863,9.020000457763672,9.279999732971191,9.279999732971191,11541774
2023-03-08,9.020000457763672,10.329999923706055,8.5,9.949999809265137,9.949999809265137,9859958
2023-03-09,9.739999771118164,10.100000381469727,8.789999961853027,8.869999885559082,8.869999885559082,2177101
2023-03-10,8.920000076293945,9.95989990234375,8.34000015258789,9.6899995803833,9.6899995803833,2056433
2023-03-13,9.260000228881836,11.180000305175781,9.260000228881836,10.25,10.25,3065958
2023-03-14,10.0,10.65999984741211,9.0,10.550000190734863,10.550000190734863,1737151
2023-03-15,10.300000190734863,11.0600004196167,10.2121000289917,10.5600004196167,10.5600004196167,1352936
2023-03-16,10.529999732971191,10.529999732971191,9.59000015258789,10.130000114440918,10.130000114440918,1346133
2023-03-17,10.529999732971191,10.529999732971191,9.59000015258789,10.130000114440918,10.130000114440918,1346133
2023-03-20,9.0,9.79990005493164,8.819999694824219,9.65999984741211,9.65999984741211,701562
2023-03-21,9.520000457763672,10.130000114440918,9.149999618530273,9.960000038146973,9.960000038146973,732104
2023-03-22,9.9399995803833,9.9399995803833,9.029999732971191,9.050000190734863,9.050000190734863,494384
2023-03-23,9.050000190734863,9.380000114440918,8.329999923706055,8.670000076293945,8.670000076293945,593114
2023-03-24,8.470000267028809,9.5600004196167,8.470000267028809,9.289999961853027,9.289999961853027,387188
2023-03-27,9.199999809265137,9.350000381469727,8.73009967803955,9.109999656677246,9.109999656677246,324374
2023-03-28,9.15999984741211,9.670000076293945,9.0600004196167,9.270000457763672,9.270000457763672,313017
2023-03-29,9.229999542236328,10.130000114440918,9.029999732971191,10.039999961853027,10.039999961853027,772673
2023-03-30,9.970000267028809,10.100000381469727,8.800000190734863,8.960000038146973,8.960000038146973,417556
2023-03-31,9.010000228881836,9.18280029296875,8.75,8.920000076293945,8.920000076293945,280388
2023-04-03,8.869999885559082,9.130000114440918,8.039999961853027,8.100000381469727,8.100000381469727,335128
2023-04-04,8.0,8.06779956817627,7.5,7.800000190734863,7.800000190734863,383353
2023-04-05,8.270000457763672,8.319899559020996,7.829999923706055,7.860000133514404,7.860000133514404,254068
2023-04-06,7.71999979019165,7.960000038146973,7.21999979019165,7.659999847412109,7.659999847412109,300837
2023-04-10,7.590000152587891,8.529999732971191,7.489999771118164,8.420000076293945,8.420000076293945,286428
2023-04-11,8.550000190734863,9.039999961853027,8.274999618530273,8.850000381469727,8.850000381469727,619503
2023-04-12,8.680000305175781,8.899900436401367,8.329999923706055,8.390000343322754,8.390000343322754,215961
2023-04-13,8.399999618530273,9.579899787902832,8.305000305175781,9.550000190734863,9.550000190734863,578228
